15 30 10
1810-05-12 b 11 12 15 288
1815-08-07 b 3 12 15 120
1819-10-20 b 6 12 36 132
1830-01-29 b 14 15 48 96
1834-09-08 b 8 15 24 12
1852-02-27 b 8 10 60 120
1853-02-09 b 13 14 40 24
1858-03-10 b 7 8 45 72
1874-06-21 b 1 6 96 72
1882-06-02 b 11 13 55 264
1889-08-31 b 1 11 90 36
1898-09-17 m 14 15 120
1915-06-03 b 2 4 144 60
1926-06-28 b 2 12 90 36
1940-09-03 b 3 13 270 72
1954-06-12 b 1 10 240 180
1958-11-24 m 3 12 200
1972-01-14 b 4 8 120 96
1980-03-08 b 11 14 180 72
1991-09-27 b 3 8 336 84
2006-07-21 b 8 9 200 60
2011-04-03 b 6 15 400 300
2019-03-03 b 5 8 225 180
2024-01-29 b 1 9 400 240
2029-04-12 b 10 11 198 132
2047-06-02 b 10 13 432 288
2059-05-11 b 4 13 330 132
2073-04-02 m 5 8 450
2089-09-04 b 8 12 480 48
2094-12-01 b 3 9 288 48
1 5 250
1 5 80
3 12 500
4 9 350
3 12 210
1 5 100
4 15 100
4 9 75
1 5 70
3 13 70